# Created by Octave 3.8.0, Wed Feb 20 02:32:31 2019 PST <gjalsgh1234@MINHOui-MacBook-Pro.local>
# name: v
# type: matrix
# rows: 10
# columns: 1
 0.04014482044179428
 0.5582421411962678
 0.8567226382622496
 0.9342303581693956
 0.9350287987436077
 0.008910068742486833
 0.4359652321074753
 0.6406747549521424
 0.2378730807018574
 0.0488214330552366


